rid,binaryID
2,10
3,100
4,11
5,101
6,1010
7,110
8,10111100000
9,1011110000
10,1011110001
11,101111000
12,101110
13,101111001
14,101111
15,10111100
16,1011110
17,1011
18,1100
19,10110
20,1101
21,10111
22,11000
23,111
24,11001
25,10111110
26,10111111
27,10111101
28,101111010
29,101111011
30,1011110111100
31,1011110110
32,1011110111101
33,1011110100
34,1011110111
35,101111011110
36,10111100001
37,1011110111100000
38,1011110111100001
39,101111011110000
40,101111011110001
41,10111101111000
42,10111101111001
43,1011110111110
44,10111101111110
45,1011110111111
46,10111101111111000010
47,10111101111111000011
48,1011110111111100000
49,1011110111111100001
50,101111011111110000
51,101111011111110001
52,1011110111111100010
53,10111101111111000
54,1011110111111100011
55,10111101111111001
56,101111011100
57,10111101110
58,1011110111000
59,10111101111
60,101111011101
61,101111011111
62,1011110111010
63,10111101110100
64,10111101110101
65,101111011101000
66,10111101111111
67,101111011111110
68,101111011111111
69,1011110111111100
70,1011110111111110
71,1011110111111101
72,10111101111111010
73,10111101111111011
74,1011110111111111
75,10111101111111110
76,1011110111011
77,101111011101001
78,10111101110110
79,101111011101100
80,101111011101101
81,1011110111011010
82,1011110111011011
83,10111101110111
84,10111101110110110
85,10111101110110111
86,101111011111110110
87,10111101111111011110
88,1011110111111101110
89,1011110111111101111
90,10111101111111011111
91,10111101111111011111000
92,101111011111110111110
93,1011110111111101111100
94,1011110111111101111101
95,10111101111111011111010
96,10111101111111111
97,101111011111110111
98,10111101111111011100
99,10111101111111011101
100,101111011111110111111
101,10111101111111011111011110000
102,101111011111110111110111100
103,1011110111111101111101111000
104,1011110111111101111101111001
105,10111101111111011111011101010111100010
106,101111011101110
107,101111011101111
108,1011110111011110000
109,101111011101111000
110,10111101110111100
111,1011110111011110
112,10111101110111101
113,1011110111011111
114,10111101111111011111011110001
115,1011110111111101111101110101011110001101100
116,10111101111111011111011
117,10111101111111011111011100
118,101111011111110111110110
119,101111011111110111110111
120,1011110111111101111101110
121,10111101111111011111011101
122,1011110111111101111101111
123,101111011111110111110111010
124,10111101111111011111011110
125,101111011111110111110111101
126,1011110111111101111101110110
127,1011110111111101111101110111
128,101111011111110111110111011
129,10111101111111011111011101000
130,10111101111111011111011101001
131,1011110111111101111101110100
132,1011110111111101111101110101
133,10111101111111011111011101010
134,101111011111110111110111010100
135,101111011111110111110111010101
136,1011111
137,1011110101
138,10111101010
139,101111010100
140,1011110111001
141,101111010101
142,10111101110010
143,10111101011
144,10111101110011
145,101111011100110
146,101111011100111
147,1011110111001110
148,1011110111001111
149,10111101110011110
150,101111011100111100
151,101111011100111101
152,10111101110011111
153,101111011100111110
154,10111101111111000011000
155,10111101111111000011001
156,1011110111111100001100
157,101111011111110000110
158,1011110111111100001101
159,101111011111110000111
160,101111011111110001000
161,101111011111110001001
162,10111101111111000100
163,10111101111111000101
164,101111011111110000110010
165,101111011111110000110011
166,1011110111111100001100110
167,1011110111111100001100111
168,10111101111111000011001110
169,101111011111110111110011000010110
170,101111011111110111110011000010111
171,10111101111111011111001100001010
172,10111101111111011111001100001011
173,1011110111111101111100110000100
174,1011110111111100001100111100
175,1011110111111100001100111101
176,101111011111110000110011110
177,10111101111111000011001111
178,101111011111110000110011111
179,1011110111111100001100111110
180,1011110111111100001100111111
181,1011110111111101111100110000110
182,101111011111110111110011000011100
183,10111101111111011111001100001110
184,1011110111111101111100110000101
185,101111011111110111110011000010
186,101111011111110111110011000011
187,1011110111111101111100110000111
188,10111101111111011111001100000
189,10111101111111011111001100001
190,1011110111111101111100110000
191,101111011111110111110011000
192,1011110111111101111100110001
193,10111101111111011111001110
194,101111011111110111110011000011101
195,1011110111111101111100110000111010
196,1011110111111101111100110000111011
197,10111101111111011111001100001111
198,10111101111111011111011101010100000100
199,10111101111111011111011101010100000101
200,1011110111111101111101110101010000010
201,101111011111110111110111010101000000
202,10111101111111011111011101010100000110
203,1011110111111101111101110101010000011
204,101111011111110111110011001
205,10111101111111011111001100
206,10111101111111011111001101
207,1011110111111101111100110
208,101111011111110111110010
209,101111011111110111110011
210,1011110111111101111100111
211,10111101111111011111001
212,101111011111110111110111000
213,101111011111110111110111001
214,101111011111110111110111010101000001
215,10111101111111011111011101010100000111
216,10111101111111011111011101010100000
217,101111011111110111110111010101010000100
218,10111101111111011111011101010101000000
219,10111101111111011111011101010101000001
220,10111101111111011111011101010101000010
221,1011110111111101111101110101010100000
222,10111101111111011111011101010101000011
223,1011110111111101111101110101010100001
224,10111101111111011111001111
225,10111101111111011111011101010100001
226,1011110111111101111101110101010000
227,1011110111111101111101110101010001
228,101111011111110111110111010101000
229,101111011111110111110111010101001
230,10111101111111011111011101010100
231,1011110111111101111101110101010100
232,10111101111111011111011101010101
233,101111011111110111110111010101010
234,1011110111111101111101110101010100001100
235,101111011111110111110111010101010000101
236,1011110111111101111101110101010100001101
237,101111011111110111110111010101010000110
238,101111011111110111110111010101010000111
239,1011110111111101111101110101010101001100
240,1011110111111101111101110101010101001101
241,101111011111110111110111010101010100110
242,10111101111111011111011101010101010010
243,101111011111110111110111010101010100100
244,101111011111110111110111010101010000
245,101111011111110111110111010101010001
246,10111101111111011111011101010101000
247,10111101111111011111011101010101001
248,1011110111111101111101110101010101000
249,10111101111111011111011101010101010
250,101111011111110111110111010101010100
251,101111011111110111110111010101010101
252,1011110111111101111101110101010101010
253,101111011111110111110111010101010100111
254,1011110111011110001
255,101111011101111001
256,101111011100111111
257,101111011101111010
258,101111011101111011
259,1011110111011110110
260,1011110111011110111
261,10111101110111101110
262,10111101110111101111
263,101111011101111011110
264,101111011101111011111
265,1011110111011110111110
266,1011110111011110111111
267,10111101110111101111110
268,10111101110111101111111
269,101111011111110111110111010101111001010100
270,10111101111111011111011101010111100101010
271,101111011111110111110111010101111001010101
272,101111011111110111110111010101110100001010111011011111101010100
273,101111011111110111110111010101110100001010111011010000
274,101111011111110111110111010101110100001010111011011111101010101
275,10111101111111011111011101010111010000101011101101111110101010
276,101111011111110111110111010101110100001010111011010010
277,1011110111111101111101110101011101000010101110110100110
278,10111101111111011111011101010111010000101011101101111110101011
279,101111011111110111110111010101110100001010111011010011
280,1011110111111101111101110101011101000010101110110100111
281,1011110111111101111101110101011101000010101110110111111010100
282,1011110111111101111101110101011101000010101110110111111010101
283,101111011111110111110111010101110100001010111011011111101010
284,101111011111110111110111010101110100001010111011011111101011
285,10111101111111011111011101010111010000101011101101111110100
286,10111101111111011111011101010111010000101011101101111110101
287,10111101111111011111011101010111010000101011101101111110010
288,1011110111111101111101110101011101000010101110110111111000
289,10111101111111011111011101010111010000101011101101111110011
290,1011110111111101111101110101011101000010101110110111111001
291,1011110111111101111101110101011101000010101110110111111010
292,101111011111110111110111010101110100001010111011011111100
293,1011110111111101111101110101011101000010101110110111111011
294,101111011111110111110111010101110100001010111011011111101
295,10111101111111011111011101010111010000101011101101111110
296,10111101111111011111011101010111010000101011101101110
297,10111101111111011111011101010111010000101011101101111
298,101111011111110111110111010101110100001010111011011110
299,1011110111111101111101110101011101000010101110110111110
300,101111011111110111110111010101110100001010111011011111
301,10111101111111011111011101010111010000101011101101111111
302,1011110111111101111101110101011101000010101110110111111
303,101111011111110111110111010101110100101011010000
304,101111011111110111110111010101110100101011010001
305,1011110111111101111101110101011110001101101
306,101111011111110111110111010101111000110110
307,101111011111110111110111010101111000110111
308,1011110111111101111101110101011110001100
309,10111101111111011111011101010111100011000
310,10111101111111011111011101010111100011001
311,1011110111111101111101110101011110010100
312,1011110111111101111101110101011110010101
313,10111101111111011111011101010111100101011
314,101111011111110111110111010101111001010
315,10111101111111011111011101011
316,1011110111111101111101110101010
317,1011110111111101111101110101011
318,10111101111111011111011101010111100
319,1011110111111101111101110101011110
320,10111101111111011111011101010111101
321,1011110111111101111101110101011111
322,101111011111110111110111010101110
323,10111101111111011111011101010111110
324,10111101111111011111011101010111111
325,10111101111111011111011111
326,1011110111111101111101110101011110000
327,101111011111110111110111010101111000
328,101111011111110111110111010101111001
329,1011110111111101111101110101011110010
330,1011110111111101111101110101011110011
331,10111101111111011111011101010111100110
332,10111101111111011111011101010111100111
333,1011110111111101111101110101011101000010100
334,101111011111110111110111010101110100001010100
335,10111101111111011111011101010111100011010
336,10111101111111011111011101010111100011011
337,10111101111111011111011101010111100011
338,101111011111110111110111010101111000110
339,1011110111111101111101110101011110001101
340,101111011111110111110111010101111000111
341,1011110111111101111101110101011110001
342,10111101111111011111011101010111100100
343,10111101111111011111011101010111100101
344,101111011111110111110111010101111001100
345,101111011111110111110111010101111001101
346,10111101111111011111011101010111010000101011100
347,101111011111110111110111010101110100001010111010
348,10111101111111011111011101010111010000101011101100
349,1011110111111101111101110101011101000010101110
350,10111101111111011111011101010111010000101011101
351,101111011111110111110111010101110100001010111011
352,1011110111111101111101110101011101000010101111
353,1011110111111101111101110101011101000010101110110
354,101111011111110111110111010101110100001010110
355,101111011111110111110111010101111001011
356,1011110111111101111101110101011110010110
357,1011110111111101111101110101011110010111
358,101111011111110111110111010101110100001010111011010001
359,10111101111111011111011101010111010000101011101101000
360,10111101111111011111011101010111010000101011101101001
361,1011110111111101111101110101011101000010101110110100
362,1011110111111101111101110101011101000010101110110101
363,1011110111111101111101110101011101000010101110110110
364,1011110111111101111101110101011101000010101110110111
365,101111011111110111110111010101110100001010101
366,1011110111111101111101110101011101000010101
367,10111101111111011111011101010111010000101010
368,101111011111110111110111010101110100001010
369,10111101111111011111011101010111010000100
370,10111101111111011111011101010111010000101
371,101111011111110111110111010101110100001011
372,10111101111111011111011101010111010000101011
373,101111011111110111110111010101110100001010111
374,101111011111110111110111010101110100001110
375,101111011111110111110111010101110100000
376,1011110111111101111101110101011101000010
377,10111101111111011111011101010111010000
378,1011110111111101111101110101011101000011
379,101111011111110111110111010101110100001
380,10111101111111011111011101010111010001
381,10111101111111011111011101010111010000110
382,10111101111111011111011101010111010000111
383,101111011111110111110111010101110100001100
384,101111011111110111110111010101110100001101
385,10111101111111011111011101010111010000101011101101
386,101111011111110111110111010101110100001010111011010
387,1011110111111101111101110101011101000010101110111
388,101111011111110111110111010101110100001010111011011
389,1011110111111101111101110101011101001010110100100
390,1011110111111101111101110101011101001010110101000
391,1011110111111101111101110101011101001010110101001
392,1011110111111101111101110101011101001010110100101
393,101111011111110111110111010101110100101011010010
394,101111011111110111110111010101110100101011010100
395,101111011111110111110111010101110100001111
396,1011110111111101111101110101011101001010110101010
397,1011110111111101111101110101011101001010110101011
398,101111011111110111110111010101110100101011010101
399,101111011111110111110111010101110100101011000
400,101111011111110111110111010101110100101011001
401,10111101111111011111011101010111010010101100
402,10111101111111011111011101010111010010101101
403,1011110111111101111101110101011101001010110
404,101111011111110111110111010101110100101001000
405,101111011111110111110111010101011
406,1011110111111101111101110101010101
407,10111101111111011111011101010101011
408,10111101111111011111011101010110
409,10111101111111011111011101010111
410,101111011111110111110111010101111
411,1011110111111101111101110101011100
412,1011110111111101111101110101011101
413,101111011111110111110111010101110110
414,101111011111110111110111010101110111
415,1011110111111101111101110101010101001
416,1011110111111101111101110101010101011
417,10111101111111011111011101010101010011
418,10111101111111011111011101010101010100
419,10111101111111011111011101010101010101
420,101111011111110111110111010101010101010
421,101111011111110111110111010101010101011
422,10111101111111011111011101010111010111010
423,10111101111111011111011101010111010111011
424,1011110111111101111101110101011101011100
425,10111101111111011111011101010111010
426,10111101111111011111011101010111011
427,101111011111110111110111010101110100
428,101111011111110111110111010101110101
429,1011110111111101111101110101011101000
430,10111101111111011111011101010111010100
431,1011110111111101111101110101011101010
432,10111101111111011111011101010111010101
433,1011110111111101111101110101011101011
434,10111101111111011111011101010111010110
435,101111011111110111110111010101010100101
436,1011110111111101111101110101010101001010
437,1011110111111101111101110101010101001011
438,1011110111111101111101110101011101011111100100
439,1011110111111101111101110101011101011111100101
440,101111011111110111110111010101110101111110010
441,101111011111110111110111010101110101111110011
442,101111011111110111110111010101110101111110100
443,101111011111110111110111010101110101111110101
444,1011110111111101111101110101011101011101
445,1011110111111101111101110101011101011110
446,101111011111110111110111010101110101110
447,10111101111111011111011101010111010111111000
448,10111101111111011111011101010111010111110
449,10111101111111011111011101010111010111111001
450,10111101111111011111011101010111010111111
451,1011110111111101111101110101011101011111100
452,101111011111110111110111010101110101111110
453,1011110111111101111101110101011101011111101
454,10111101111111011111011101010111010111
455,1011110111111101111101110101011101001
456,101111011111110111110111010101110101111
457,1011110111111101111101110101011101011111
458,1011110111111101111101110101011101001000
459,101111011111110111110111010101110100100
460,10111101111111011111011101010111010010
461,10111101111111011111011101010111010011
462,101111011111110111110111010101110100101
463,101111011111110111110111010101110100110
464,10111101111111011111011101010111010010000
465,10111101111111011111011101010111010010001
466,1011110111111101111101110101011101001001
467,1011110111111101111101110101011101001010
468,10111101111111011111011101010111010010100
469,10111101111111011111011101010111010010101
470,101111011111110111110111010101110100101000
471,101111011111110111110111010101110100101001
472,1011110111111101111101110101011101001010010
473,1011110111111101111101110101011101001010011
474,1011110111111101111101110101011101011111101000
475,10111101111111011111011101010111010111111010000
476,10111101111111011111011101010111010111111010001
477,1011110111111101111101110101011101011111101010
478,1011110111111101111101110101011101011111101001
479,1011110111111101111101110101011101011111101011
480,101111011111110111110111010101110101111110100010
481,101111011111110111110111010101110101111110100011
482,10111101111111011111011101010111010111111010110
483,10111101111111011111011101010111010111111010111
484,101111011111110111110111010101110100111
485,1011110111111101111101110101011101001011
486,1011110111111101111101110101011101001010010001100
487,1011110111111101111101110101011101001010010001101
488,101111011111110111110111010101110100101001000110
489,10111101111111011111011101010111010010100100011110
490,1011110111111101111101110101011101001010010001110
491,101111011111110111110111010101110100101001000111
492,1011110111111101111101110101011101001010010001111110
493,1011110111111101111101110101011101001010010001111
494,10111101111111011111011101010111010111111010
495,10111101111111011111011101010111010111111011
496,101111011111110111110111010101110101111111
497,1011110111111101111101110101011101001010010001111111
498,101111011111110111110111010101110100101001000111110
499,1011110111111101111101110101011101001010111110101000
500,1011110111111101111101110101011101001010111110101100
501,1011110111111101111101110101011101001010111110101101
502,101111011111110111110111010101110100101011111010110
503,101111011111110111110111010101110100101011111010111
504,10111101111111011111011101010111010010100100011111110
505,101111011111110111110111010101110100101001000111111100
506,10111101111111011111011101010111010010100100011111
507,101111011111110111110111010101110100101001000111111
508,10111101111111011111011101010111010010100100010
509,101111011111110111110111010101110100101011110110
510,1011110111111101111101110101011101001010111110101001
511,101111011111110111110111010101110100101011111010100
512,101111011111110111110111010101110100101011111010101
513,10111101111111011111011101010111010010101111101010
514,10111101111111011111011101010111010010101111101011
515,10111101111111011111011101010111010010101111101100
516,101111011111110111110111010101110100101001000111111101
517,10111101111111011111011101010111010010100100011111111
518,1011110111111101111101110101011101001010111110101110
519,1011110111111101111101110101011101001010111110101111
520,1011110111111101111101110101011101001010111110110000
521,10111101111111011111011101010111010010101111101100010
522,1011110111111101111101110101011101001010111110110001
523,10111101111111011111011101010111010010101111101100011
524,101111011111110111110111010101110100101011111011000
525,1011110111111101111101110101011101001010111110110010
526,1011110111111101111101110101011101001010111110110011
527,101111011111110111110111010101110100101011111011001
528,101111011111110111110111010101110100101011111011001100
529,10111101111111011111011101010111010010101111101100110
530,101111011111110111110111010101110100101011111011001101
531,1011110111111101111101110101011101001010111110110011010
532,10111101111111011111011101010111010010101111101100111
533,1011110111111101111101110101011101001010111110110011011
534,10111101111111011111011101010111010010101111101100110110
535,10111101111111011111011101010111010010101111101100110111
536,10111101111111011111011101010111010010101111101101
537,10111101111111011111011101010111010010101111101110
538,10111101111111011111011101010111010010101111101111110
539,1011110111111101111101110101011101001010111110111111100
540,10111101111111011111011101010111010010101111101111111
541,101111011111110111110111010101110100101011111011111110
542,101111011111110111110111010101110100101011111011111111
543,1011110111111101111101110101011101001010111110111111110
544,101111011111110111110111010101110100101011111111110
545,1011110111111101111101110101011101001010111111111110
546,101111011111110111110111010101110100101011111011111110111000
547,1011110111111101111101110101011101001010111110111111101110010
548,101111011111110111110111010101110100101011111011111110111001
549,1011110111111101111101110101011101001010111110111111101110011
550,10111101111111011111011101010111010010101111101111111011100
551,10111101111111011111011101010111010010101111101111111011101
552,1011110111111101111101110101011101001010111110111111101110
553,1011110111111101111101110101011101001010111110111111101111
554,101111011111110111110111010101110100101011111011111110110
555,101111011111110111110111010101110100101011111011010
556,101111011111110111110111010101110100101011111011011
557,101111011111110111110111010101110100101011111011111100
558,101111011111110111110111010101110100101011111011111101
559,10111101111111011111011101010111010010101111101111111010
560,1011110111111101111101110101011101001010111110111111101
561,10111101111111011111011101010111010010101111101111111011
562,1011110111111101111101110101011101001010111110111111111
563,101111011111110111110111010101110100101011111011111111100
564,10111101111111011111011101010111010010101111101111111110
565,101111011111110111110111010101110100101011111011111110111
566,101111011111110111110111010101110100101011111011111111110
567,101111011111110111110111010101110100101011111011111111111
568,10111101111111011111011101010111010010101111101111111111
569,101111011111110111110111010101110100101011111011111111101
570,10111101111111011111011101010111010010101101000
571,101111011111110111110111010101110100101011010011
572,10111101111111011111011101010111010010101101010
573,10111101111111011111011101010111010010101101001
574,10111101111111011111011101010111010010101101011
575,1011110111111101111101110101011101001010110100
576,1011110111111101111101110101011101001010110101
577,101111011111110111110111010101110100101011010
578,101111011111110111110111010101110100101011011
579,1011110111111101111101110101011101001010010000
580,1011110111111101111101110101011101001010111
581,101111011111110111110111010101110100101011100
582,10111101111111011111011101010111010010101110
583,101111011111110111110111010101110100101011101
584,10111101111111011111011101010111010010101111
585,1011110111111101111101110101011101001010111010
586,1011110111111101111101110101011101001010111011
587,101111011111110111110111010101110100101011110
588,1011110111111101111101110101011101001010111100
589,101111011111110111110111010101110100101010
590,10111101111111011111011101010111010010100100
591,10111101111111011111011101010111010010100101
592,101111011111110111110111010101110100101011
593,101111011111110111110111010101110100101001001
594,1011110111111101111101110101011101001010010001
595,10111101111111011111011101010111010010100100011
596,10111101111111011111011101010111010010101111010
597,1011110111111101111101110101011101001010111101
598,101111011111110111110111010101110100101011110111
599,101111011111110111110111010101110100101011101000
600,10111101111111011111011101010111010010101110100
601,101111011111110111110111010101110100101011101001
602,10111101111111011111011101010111010010101110101
603,101111011111110111110111010101110100101011101010
604,101111011111110111110111010101110100101011101011
605,101111011111110111110111010101110100101011111
606,1011110111111101111101110101011101001010111110
607,1011110111111101111101110101011101001010111111
608,10111101111111011111011101010111010010101111100
609,10111101111111011111011101010111010010101111110
610,10111101111111011111011101010111010010101111111
611,10111101111111011111011101010111010010101111101
612,101111011111110111110111010101110100101011111110
613,1011110111111101111101110101011101001010111111100
614,1011110111111101111101110101011101001010111111101
615,10111101111111011111011101010111010010101111011
616,1011110111111101111101110101011101001010111110100
617,1011110111111101111101110101011101001010111110101
618,101111011111110111110111010101110100101011111010
619,101111011111110111110111010101110100101011111011
620,1011110111111101111101110101011101001010111110110
621,1011110111111101111101110101011101001010111110111
622,101111011111110111110111010101110100101011111111
623,10111101111111011111011101010111010010101111101111
624,101111011111110111110111010101110100101011111011110
625,10111101111111011111011101010111010010101111111010
626,10111101111111011111011101010111010010101111111011
627,1011110111111101111101110101011101001010111111111010
628,1011110111111101111101110101011101001010111111111011
629,10111101111111011111011101010111010010101111111110110
630,101111011111110111110111010101110100101011111111100
631,10111101111111011111011101010111010010101111111110111
632,1011110111111101111101110101011101001010111111111000
633,1011110111111101111101110101011101001010111111111001
634,101111011111110111110111010101110100101011111011111
635,1011110111111101111101110101011101001010111110111110
636,1011110111111101111101110101011101001010111110111111
637,1011110111111101111101110101011101001010111111110
638,1011110111111101111101110101011101001010111111111
639,10111101111111011111011101010111010010101111111110
640,101111011111110111110111010101110100101011111111101
641,10111101111111011111011101010111010010101111111111
642,101111011111110111110111010101110100101011111111111
643,1011110111111101111101110101011101001010111111111111
1,1
